0 0 0 0 0 0 0 0 0 0 0 0 0 0 0 0 0 0 0 0 0 0 0 0 0 0 0 0 0 0 0 0 0 0 0 0 0 0 0 0 0 0 0 0 0 0 0 0 0 0 0 0 0 0 0 0 0 0 0 0 0 0 0 0 0 0 0 0 0 0 0 0 0 0 0 0 0 0 0 0 0 0 0 0 0 0 0 0 0 0 0 0 0 0 0 0 0
0 0 0 0 0 0 0 0 0 0 0 0 0 0 0 0 0 0 0 0 0 0 0 0 0 0 0 0 0 0 0 0 0 0 0 0 0 0 0 0 0 0 0 0 0 0 0 0 0 0 0 0 0 0 0 0 0 0 0 0 0 0 0 0 0 0 0 0 0 0 0 0 0 0 0 0 0 0 0 0 0 0 0 0 0 0 0 0 0 0 0 0 4 4 0 0 0
0 0 0 0 0 0 0 0 0 0 0 0 0 0 0 0 0 0 0 0 0 0 0 0 0 0 0 0 0 0 0 0 0 0 0 0 0 0 0 0 0 0 0 0 0 0 0 0 0 0 0 0 0 0 0 0 0 0 0 0 0 0 0 0 0 0 0 0 0 0 0 0 0 0 0 0 0 0 0 0 0 0 0 0 0 0 0 0 0 0 0 4 0 4 4 0 0
0 0 0 0 0 0 0 0 0 0 0 0 0 0 0 0 0 0 0 0 0 0 0 0 0 0 0 0 0 0 0 0 0 0 0 0 0 0 0 0 0 0 0 0 0 0 0 0 0 0 0 0 0 0 0 0 0 0 0 0 0 0 0 0 0 0 0 0 0 0 0 0 0 0 0 0 0 0 0 0 0 0 0 0 0 0 0 0 0 4 4 1 4 0 0 0 0
0 0 0 0 0 0 0 0 0 0 0 0 0 0 0 0 0 0 0 0 0 0 0 0 0 0 0 0 0 0 0 0 0 0 0 0 0 0 0 0 0 0 0 0 0 0 0 0 0 0 0 0 0 0 0 0 0 0 0 0 0 0 0 0 0 0 0 0 0 0 0 0 0 0 0 0 0 0 0 0 0 0 0 0 0 0 0 1 4 0 4 3 0 0 0 0 0
0 0 0 0 0 0 0 0 0 0 0 0 0 0 0 0 0 0 0 0 0 0 0 0 0 0 0 0 0 0 0 0 0 0 0 0 0 0 0 0 0 0 0 0 0 0 0 0 0 0 0 0 0 0 0 0 0 0 0 0 0 0 0 0 0 0 0 0 0 0 0 0 0 0 0 0 0 0 0 0 0 0 0 0 0 0 1 3 1 4 0 0 0 0 0 0 0
0 0 0 0 0 0 0 0 0 0 0 0 0 0 0 0 0 0 0 0 0 0 0 0 0 0 0 0 0 0 0 0 0 0 0 0 0 0 0 0 0 0 0 0 0 0 0 0 0 0 0 0 0 0 0 0 0 0 0 0 0 0 0 0 0 0 0 0 0 0 0 0 0 0 0 0 0 0 0 0 0 0 0 0 1 4 4 4 3 0 0 0 0 0 0 0 0
0 0 0 0 0 0 0 0 0 0 0 0 0 0 0 0 0 0 0 0 0 0 0 0 0 0 0 0 0 0 0 0 0 0 0 0 0 0 0 0 0 0 0 0 0 0 0 0 0 0 0 0 0 0 0 0 0 0 0 0 0 0 0 0 0 0 0 0 0 0 0 0 0 0 0 0 0 0 0 0 0 0 0 1 3 1 3 0 0 0 0 0 0 0 0 0 0
0 0 0 0 0 0 0 0 0 0 0 0 0 0 0 0 0 0 0 0 0 0 0 0 0 0 0 0 0 0 0 0 0 0 0 0 0 0 0 0 0 0 0 0 0 0 0 0 0 0 0 0 0 0 0 0 0 0 0 0 0 0 0 0 0 0 0 0 0 0 0 0 0 0 0 0 0 0 0 0 0 1 4 4 4 3 0 0 0 0 0 0 0 0 0 0 0
0 0 0 0 0 0 0 0 0 0 0 0 0 0 0 0 0 0 0 0 0 0 0 0 0 0 0 0 0 0 0 0 0 0 0 0 0 3 0 0 0 0 0 0 0 0 0 0 0 0 0 0 0 0 0 0 0 0 0 0 0 0 0 0 0 0 0 0 0 0 0 0 0 0 0 0 0 0 0 0 1 4 4 3 0 0 0 0 0 0 0 0 0 0 0 0 0
0 0 0 0 0 0 0 0 0 0 0 0 0 0 0 0 0 0 0 0 0 0 0 0 0 0 0 0 0 0 0 3 0 0 0 0 0 0 3 0 0 0 0 0 0 0 0 0 0 3 0 0 0 0 0 0 0 0 0 0 0 0 0 0 0 0 0 0 0 0 0 0 0 0 0 0 0 0 1 4 4 3 0 0 0 0 0 0 0 0 0 0 0 0 0 0 0
0 0 0 0 0 0 0 0 0 0 0 0 3 0 0 0 0 0 0 0 0 0 0 0 0 0 0 0 0 0 0 0 3 0 0 0 0 0 0 3 0 0 0 0 0 0 0 0 4 1 2 4 3 0 17 6 0 0 0 0 0 0 0 0 0 0 0 0 0 0 0 0 0 0 0 0 1 1 4 4 3 0 0 0 0 0 0 0 0 0 0 0 0 0 0 0 0
0 0 0 0 0 0 0 0 0 0 0 0 0 3 0 0 0 0 0 0 0 0 0 0 0 0 0 0 0 0 0 0 0 3 0 0 0 0 0 0 3 0 0 0 0 0 0 0 12 3 3 3 4 0 34 12 0 0 0 0 0 0 0 0 0 0 0 0 0 0 0 0 0 0 0 1 4 4 3 0 0 0 0 0 0 0 0 0 0 0 0 0 0 0 0 0 0
0 0 0 0 0 0 0 0 0 0 0 0 0 3 0 0 0 0 0 0 0 0 0 0 0 0 0 0 0 0 0 0 0 1 2 0 0 0 0 0 0 3 0 3 0 1 2 0 8 49 13 2 5 0 38 19 0 0 0 0 0 0 0 0 0 0 0 0 0 0 0 0 0 1 1 4 3 3 0 0 0 0 0 0 0 0 0 0 0 0 0 0 0 0 0 0 0
0 0 0 0 0 0 0 0 0 0 0 0 0 0 3 0 0 0 0 0 0 0 0 0 0 0 0 0 0 0 0 0 0 0 1 2 0 0 0 0 0 0 7 1 2 6 42 106 12 49 32 10 4 13 39 23 0 0 0 0 0 0 0 0 0 0 0 0 0 0 0 0 1 1 4 3 0 0 0 0 0 0 0 0 0 0 0 0 0 0 0 0 0 0 0 0 0
0 0 0 0 0 0 0 0 0 0 0 0 0 4 0 3 0 0 0 0 0 0 0 0 0 0 0 0 0 0 0 0 0 0 0 3 0 0 0 0 0 0 0 10 1 19 37 148 28 19 64 11 5 21 41 17 0 20 0 0 0 0 0 0 0 0 0 0 0 0 1 2 4 6 3 0 4 4 0 0 0 0 0 0 0 0 0 0 0 0 0 0 0 0 0 0 0
0 0 0 0 0 0 0 0 0 0 0 0 0 0 4 0 3 0 0 0 0 0 0 0 0 0 0 0 0 0 0 0 0 0 0 0 3 0 0 0 0 0 7 10 25 63 54 79 133 24 60 57 6 23 49 23 18 40 8 0 0 0 0 0 0 0 0 0 1 2 1 3 3 0 4 4 0 0 0 0 0 0 0 0 0 0 0 0 0 0 0 0 0 0 0 0 0
0 0 0 0 0 0 0 0 0 0 0 0 0 0 3 4 0 3 0 0 0 0 0 0 0 0 0 0 0 0 0 0 0 0 0 0 0 3 0 0 3 0 43 88 67 55 83 63 106 94 39 74 25 23 81 44 69 33 10 1 0 0 0 0 0 0 0 10 1 3 6 3 0 4 0 0 0 0 0 0 0 0 0 0 0 0 0 0 0 0 0 0 0 0 0 0 0
0 0 0 0 0 0 0 0 0 0 0 0 0 0 0 3 4 0 3 0 0 0 0 0 0 0 0 0 0 4 0 0 9 7 3 0 0 0 3 6 3 22 22 42 76 87 114 91 99 144 80 78 64 25 82 57 75 21 5 3 0 0 0 0 0 11 11 1 3 3 0 4 4 0 0 0 0 0 0 0 0 0 0 0 0 0 0 0 0 0 0 0 0 0 0 0 0
0 0 0 0 0 0 0 0 0 0 0 0 0 0 0 0 3 9 3 0 0 4 0 0 0 0 0 0 10 0 8 5 2 2 8 3 3 0 1 5 15 51 128 120 62 105 102 170 124 185 170 54 104 83 70 64 76 15 2 5 0 0 0 0 12 10 3 6 3 3 4 0 0 0 0 0 0 0 0 0 0 0 0 0 0 0 0 0 0 0 0 0 0 0 0 0 0
0 0 0 0 0 0 0 0 0 0 0 0 0 0 0 0 0 2 10 6 0 0 4 0 0 4 3 22 5 25 7 1 4 4 7 41 30 34 24 8 30 91 116 80 139 126 118 148 238 202 202 146 113 99 114 116 39 8 3 3 0 0 10 22 17 3 3 0 4 1 0 0 0 0 0 0 0 0 0 0 0 0 0 0 0 0 0 0 0 0 0 0 0 0 0 0 0
0 0 0 0 0 0 0 0 0 0 0 0 0 0 0 0 0 0 1 7 6 0 0 8 0 7 10 22 18 15 19 19 14 18 32 19 27 57 55 49 55 75 76 154 174 137 167 222 208 263 325 241 163 147 116 133 38 2 14 3 4 3 34 26 9 6 4 4 0 0 0 0 0 0 0 0 0 0 0 0 0 0 0 0 0 0 0 0 0 0 0 0 0 0 0 0 0
0 0 0 0 0 0 0 0 0 0 0 0 0 0 0 0 0 0 0 1 7 9 0 11 19 18 13 14 37 38 24 22 47 57 30 57 54 36 53 69 61 110 125 74 96 231 285 242 267 366 344 350 262 227 223 106 27 6 37 37 13 38 70 9 3 12 8 0 0 0 0 0 0 0 0 0 0 0 0 0 0 0 0 0 0 0 0 0 0 0 0 0 0 0 0 0 0
0 3 0 0 0 0 0 0 0 3 0 0 0 0 0 0 0 0 0 3 7 20 46 0 17 36 26 44 54 55 86 69 57 104 179 192 139 128 73 91 85 79 137 222 215 230 207 273 411 399 599 669 503 407 270 216 227 65 202 68 121 120 38 42 31 18 0 0 0 0 0 0 0 0 0 0 0 0 0 0 0 0 0 0 0 0 0 0 0 0 0 0 0 0 0 0 0
0 0 3 3 3 1 0 0 0 0 3 3 0 0 0 0 0 0 3 13 25 158 303 249 92 67 155 63 89 94 95 102 109 191 162 363 423 272 152 290 107 128 129 189 190 244 405 425 450 537 635 950 1119 1224 3256 1105 1124 4415 4178 4700 445 179 147 74 30 6 0 0 0 0 0 0 0 0 0 0 0 0 0 0 0 0 0 0 0 0 0 0 0 0 0 0 0 0 0 0 0
0 0 0 0 0 2 3 3 2 0 0 0 3 3 3 0 4 8 7 15 30 56 343 486 468 282 102 181 132 105 133 170 137 130 241 377 375 453 486 707 231 235 318 260 258 330 428 1014 2591 905 1251 1752 2544 10467 11744 3148 2368 5893 18036 9472 984 145 34 9 0 0 0 0 0 0 0 0 0 0 0 0 0 0 0 0 0 0 0 0 0 0 0 0 0 0 0 0 0 0 0 0 0
0 0 0 0 0 0 0 0 1 3 3 2 1 3 0 3 3 11 16 16 24 154 210 456 636 520 364 161 164 127 180 216 188 164 236 244 362 465 590 1281 908 917 1249 1077 774 1185 1604 1625 1177 1600 2614 2508 3733 9120 2426 4414 5231 9696 23360 7666 1976 168 62 29 26 3 0 0 0 0 0 0 0 0 0 0 0 0 0 0 0 0 0 0 0 0 0 0 0 0 0 0 0 0 0 0 0
0 0 0 0 0 0 0 0 0 0 0 1 2 3 5 13 7 0 53 45 81 251 294 376 443 737 640 388 180 232 248 229 228 215 208 307 348 340 559 5542 1947 1134 1197 919 854 716 701 731 695 888 2497 2191 1988 3595 2183 3558 7058 11628 12538 775 879 210 50 15 0 11 3 3 0 0 0 0 0 0 0 0 0 0 0 0 0 0 0 0 0 0 0 0 0 0 0 0 0 0 0 0 0
0 0 0 0 0 0 0 0 0 0 0 0 0 0 1 2 18 24 43 215 335 281 405 422 517 702 795 740 577 480 299 297 252 282 287 335 363 818 1860 4348 3165 1162 1198 1181 1242 1079 875 986 1785 2916 2094 1255 1271 2062 1552 1057 1298 2261 5170 419 101 47 35 39 24 3 0 0 0 0 0 0 0 0 0 0 0 0 0 0 0 0 0 0 0 0 0 0 0 0 0 0 0 0 0 0 0
0 0 0 0 0 0 0 0 0 0 0 0 0 0 0 0 0 13 86 211 471 634 669 634 992 1110 1158 827 823 836 603 494 492 347 298 429 1460 1844 1760 3218 3063 1459 1340 1393 1586 1935 2538 3179 2376 1861 1103 843 938 1172 682 791 983 1116 3782 1002 70 69 68 12 13 5 7 3 0 0 0 0 0 0 0 0 0 0 0 0 0 0 0 0 0 0 0 0 0 0 0 0 0 0 0 0 0
0 0 0 0 0 0 0 0 0 0 0 0 0 0 0 0 9 21 55 219 452 693 754 982 1150 1549 1873 1905 1520 1297 1358 887 759 574 539 1311 1881 1319 1689 2964 2042 1149 1103 1470 1762 2441 2497 1935 1971 1899 1124 676 794 952 724 697 498 857 3153 982 8 11 14 28 19 8 1 1 4 3 0 0 0 0 0 0 0 0 0 0 0 0 0 0 0 0 0 0 0 0 0 0 0 0 0 0 0
0 0 0 0 0 0 0 0 0 0 0 0 0 0 0 7 10 54 143 267 370 472 547 637 848 1259 1751 2547 3427 2269 2201 2129 1712 1161 1107 2217 1548 1401 1991 3184 2099 1845 1700 1824 2266 1656 1864 1997 1995 1785 1422 1271 1701 2405 1690 1837 884 1564 2643 1169 31 0 0 5 20 23 14 3 0 1 4 3 0 0 0 0 0 0 0 0 0 0 0 0 0 0 0 0 0 0 0 0 0 0 0 0 0
0 0 0 0 0 0 0 0 0 0 0 0 0 0 0 3 27 34 76 108 180 275 360 465 498 594 754 1050 2025 4299 3052 3007 2939 2934 1969 2514 2285 1997 2694 3515 2811 2788 2887 2010 1579 2074 2142 2274 2217 2330 1952 1744 1792 2180 3184 2940 3875 3898 961 517 74 1 0 0 0 7 5 4 7 3 0 1 4 4 3 0 0 0 0 0 0 0 0 0 0 0 0 0 0 0 0 0 0 0 0 0 0
0 0 0 0 0 0 0 0 0 0 0 0 0 0 0 0 0 16 37 37 47 51 76 99 116 154 216 325 363 593 1002 2049 2866 3633 7040 2811 2387 2804 3045 3116 3088 3344 3293 3147 2679 2902 2257 2731 1977 1649 2267 2078 1892 1761 1632 1094 1701 934 475 147 65 6 0 0 0 0 2 7 0 4 7 3 0 0 1 4 4 0 0 0 0 0 0 0 0 0 0 0 0 0 0 0 0 0 0 0 0
0 0 0 0 0 0 0 0 0 0 0 0 0 0 0 0 4 21 67 92 106 118 146 148 146 134 154 177 185 199 332 641 1437 2665 4523 1666 1958 2598 3419 3502 2129 1440 2254 2810 3336 2262 2957 1519 2725 1615 797 1754 600 441 679 889 858 407 93 14 14 3 4 0 0 0 0 0 7 3 0 0 3 3 0 0 0 4 4 0 0 0 0 0 0 0 0 0 0 0 0 0 0 0 0 0 0
0 0 0 0 0 0 0 0 0 0 0 0 0 0 0 3 3 8 34 58 83 95 97 123 132 146 146 181 304 492 787 983 706 1221 768 504 722 966 1299 1226 459 1235 481 556 529 565 922 2236 496 554 662 193 367 376 344 596 312 82 6 4 0 5 0 0 0 0 0 0 0 4 7 0 0 0 0 0 0 0 0 4 0 0 0 0 0 0 0 0 0 0 0 0 0 0 0 0 0
0 0 0 0 0 0 0 0 0 0 0 0 0 0 0 0 5 25 47 67 72 77 98 99 157 253 317 371 464 591 551 295 188 771 437 386 684 680 953 916 293 262 204 172 74 102 74 44 45 94 182 286 227 93 137 207 49 23 12 4 0 0 0 0 0 0 0 0 0 0 0 3 3 0 0 0 0 0 0 0 0 0 0 0 0 0 0 0 0 0 0 0 0 0 0 0 0
0 0 0 0 0 0 0 0 0 0 0 0 0 0 0 5 9 34 33 48 66 86 116 154 222 246 318 369 434 311 110 85 443 358 222 357 438 562 801 820 318 197 125 46 77 73 54 85 84 92 142 71 57 53 82 51 3 10 12 0 0 0 0 0 0 0 0 0 0 0 0 0 0 0 0 0 0 0 0 0 0 0 0 0 0 0 0 0 0 0 0 0 0 0 0 0 0
0 0 0 0 0 0 0 0 0 0 0 0 6 6 6 15 20 13 36 58 41 51 87 159 240 234 284 276 147 54 43 98 293 181 201 256 243 619 767 636 170 120 57 40 37 49 70 71 90 103 17 0 25 8 71 9 4 0 11 0 0 0 0 0 0 0 0 0 0 0 0 0 0 0 0 0 0 0 0 0 0 0 0 0 0 0 0 0 0 0 0 0 0 0 0 0 0
0 0 0 0 0 0 0 0 0 0 6 6 0 0 7 11 6 11 7 18 52 76 168 193 223 231 147 66 33 25 31 60 85 187 138 191 215 689 789 298 91 56 41 33 45 16 35 19 20 12 9 8 5 3 60 0 4 0 5 6 0 0 0 0 0 0 0 0 0 0 0 0 0 0 0 0 0 0 0 0 0 0 0 0 0 0 0 0 0 0 0 0 0 0 0 0 0
0 0 0 0 0 0 0 0 0 0 0 0 3 3 3 4 7 14 16 36 62 70 76 125 98 89 39 21 17 19 30 32 84 156 85 135 214 658 682 228 34 55 37 16 15 19 8 9 11 17 6 10 6 3 50 6 0 0 0 11 0 0 0 0 0 0 0 0 0 0 0 0 0 0 0 0 0 0 0 0 0 0 0 0 0 0 0 0 0 0 0 0 0 0 0 0 0
0 0 0 0 0 0 0 0 3 3 3 3 4 7 7 3 7 6 14 41 28 64 76 54 35 20 10 16 4 19 31 36 157 88 68 106 282 621 608 189 32 36 12 15 0 19 9 9 8 12 9 3 16 3 21 6 0 0 0 0 6 0 0 0 0 0 0 0 0 0 0 0 0 0 0 0 0 0 0 0 0 0 0 0 0 0 0 0 0 0 0 0 0 0 0 0 0
0 0 0 0 0 0 0 3 0 4 4 4 3 0 0 0 10 10 12 19 53 33 24 20 9 10 5 7 14 20 24 79 129 59 92 76 335 539 527 160 28 21 14 10 4 15 9 4 9 4 5 7 1 16 13 6 0 0 0 0 0 0 0 0 0 0 0 0 0 0 0 0 0 0 0 0 0 0 0 0 0 0 0 0 0 0 0 0 0 0 0 0 0 0 0 0 0
0 0 0 0 0 0 4 4 4 0 0 0 0 0 10 10 0 0 45 59 18 4 14 4 5 3 10 1 17 26 31 92 54 60 41 81 425 435 447 119 28 6 16 7 7 1 18 9 0 9 0 2 7 5 18 6 0 0 0 0 0 0 0 0 0 0 0 0 0 0 0 0 0 0 0 0 0 0 0 0 0 0 0 0 0 0 0 0 0 0 0 0 0 0 0 0 0
0 0 0 0 0 4 0 0 0 0 0 0 0 10 0 0 9 34 15 7 12 13 7 5 3 10 0 18 2 22 50 31 44 46 24 74 310 399 433 86 25 6 16 4 7 0 15 1 4 7 2 0 6 3 9 11 0 0 0 0 0 0 0 0 0 0 0 0 0 0 0 0 0 0 0 0 0 0 0 0 0 0 0 0 0 0 0 0 0 0 0 0 0 0 0 0 0
0 0 0 0 0 0 0 0 0 0 0 0 0 0 0 32 35 10 6 14 5 7 0 3 8 4 16 2 7 23 46 11 58 29 17 15 126 312 392 54 19 9 19 1 8 2 7 8 0 0 9 0 1 5 3 6 7 0 0 0 0 0 0 0 0 0 0 0 0 0 0 0 0 0 0 0 0 0 0 0 0 0 0 0 0 0 0 0 0 0 0 0 0 0 0 0 0
0 0 0 0 0 0 0 0 0 0 0 0 0 14 37 12 3 6 3 0 7 0 3 6 6 0 18 3 12 26 7 34 19 27 4 17 86 202 362 49 15 7 5 4 6 4 0 15 0 0 2 7 0 2 7 0 13 0 0 0 0 0 0 0 0 0 0 0 0 0 0 0 0 0 0 0 0 0 0 0 0 0 0 0 0 0 0 0 0 0 0 0 0 0 0 0 0
0 0 0 0 0 0 0 0 0 0 0 0 20 30 7 6 4 3 0 7 0 3 6 0 0 10 0 4 16 10 6 20 38 8 1 12 75 121 323 47 15 7 5 4 3 7 0 15 0 0 0 9 0 0 5 4 0 13 0 0 0 0 0 0 0 0 0 0 0 0 0 0 0 0 0 0 0 0 0 0 0 0 0 0 0 0 0 0 0 0 0 0 0 0 0 0 0
0 0 0 0 0 0 0 0 0 0 3 23 3 3 6 3 2 4 7 0 0 5 1 0 10 0 0 10 13 4 17 19 18 0 1 17 15 59 190 37 15 6 6 1 3 7 0 1 14 0 0 0 9 0 0 5 4 0 8 0 0 0 0 0 0 0 0 0 0 0 0 0 0 0 0 0 0 0 0 0 0 0 0 0 0 0 0 0 0 0 0 0 0 0 0 0 0
0 0 0 0 0 0 0 0 0 23 20 0 0 3 0 0 4 3 0 0 0 6 0 0 10 0 1 16 4 2 23 17 9 0 1 10 3 55 125 19 15 6 6 1 0 8 2 0 15 0 0 0 8 1 0 2 4 3 0 8 0 0 0 0 0 0 0 0 0 0 0 0 0 0 0 0 0 0 0 0 0 0 0 0 0 0 0 0 0 0 0 0 0 0 0 0 0
0 0 0 0 0 0 0 18 23 0 0 0 0 0 0 7 3 0 0 0 6 0 0 0 0 0 13 4 0 11 14 19 7 0 4 2 8 8 40 0 15 0 6 1 0 4 6 0 6 9 0 0 0 9 0 0 5 4 0 2 6 0 0 0 0 0 0 0 0 0 0 0 0 0 0 0 0 0 0 0 0 0 0 0 0 0 0 0 0 0 0 0 0 0 0 0 0
0 0 0 0 0 0 23 5 0 0 0 0 0 0 7 0 0 0 0 0 0 0 0 0 0 3 10 0 0 25 4 22 0 0 6 0 8 0 23 0 8 7 3 1 0 4 6 0 0 15 0 0 0 5 4 0 0 5 0 0 8 0 0 0 0 0 0 0 0 0 0 0 0 0 0 0 0 0 0 0 0 0 0 0 0 0 0 0 0 0 0 0 0 0 0 0 0
0 0 0 0 20 23 0 0 0 0 0 0 0 7 0 0 0 0 0 0 0 0 0 0 0 9 0 0 6 9 3 16 0 0 3 0 8 0 3 0 8 7 0 4 0 3 7 0 0 15 0 0 0 0 4 0 0 1 4 0 0 8 0 0 0 0 0 0 0 0 0 0 0 0 0 0 0 0 0 0 0 0 0 0 0 0 0 0 0 0 0 0 0 0 0 0 0
0 0 0 18 3 0 0 0 0 0 0 0 0 0 0 0 0 0 0 0 0 0 0 0 0 6 0 0 12 0 11 8 0 0 0 0 8 0 0 0 8 7 0 4 0 0 6 4 0 4 11 0 0 0 0 4 0 0 5 0 0 0 0 0 0 0 0 0 0 0 0 0 0 0 0 0 0 0 0 0 0 0 0 0 0 0 0 0 0 0 0 0 0 0 0 0 0
0 18 18 0 0 0 0 0 0 0 0 0 0 0 0 0 0 0 0 0 0 0 0 0 3 0 0 0 12 3 15 1 0 0 0 0 4 0 0 0 8 7 0 3 1 0 4 6 0 0 15 0 0 0 0 4 0 0 0 5 0 0 0 0 0 0 0 0 0 0 0 0 0 0 0 0 0 0 0 0 0 0 0 0 0 0 0 0 0 0 0 0 0 0 0 0 0
0 0 0 0 0 0 0 0 0 0 0 0 0 0 0 0 0 0 0 0 0 0 0 0 3 0 0 6 6 0 16 0 0 0 0 3 1 0 0 0 8 7 0 3 1 0 4 6 0 0 10 5 0 0 0 0 4 0 0 1 4 0 0 0 0 0 0 0 0 0 0 0 0 0 0 0 0 0 0 0 0 0 0 0 0 0 0 0 0 0 0 0 0 0 0 0 0
0 0 0 0 0 0 0 0 0 0 0 0 0 0 0 0 0 0 0 0 0 0 0 0 0 0 0 9 0 4 12 0 0 0 0 4 0 0 0 0 0 7 0 3 1 0 3 7 0 0 0 10 0 0 0 0 0 4 0 0 5 0 0 0 0 0 0 0 0 0 0 0 0 0 0 0 0 0 0 0 0 0 0 0 0 0 0 0 0 0 0 0 0 0 0 0 0
0 0 0 0 0 0 0 0 0 0 0 0 0 0 0 0 0 0 0 0 0 0 0 0 0 0 0 9 0 0 12 0 0 0 0 4 0 0 0 0 0 7 0 3 1 0 0 4 6 0 0 10 0 0 0 0 0 4 0 0 0 5 0 0 0 0 0 0 0 0 0 0 0 0 0 0 0 0 0 0 0 0 0 0 0 0 0 0 0 0 0 0 0 0 0 0 0
0 0 0 0 0 0 0 0 0 0 0 0 0 0 0 0 0 0 0 0 0 0 0 0 0 0 5 4 0 0 12 0 0 0 0 0 0 0 0 0 0 0 0 3 1 0 0 0 6 0 0 6 4 0 0 0 0 0 4 0 0 0 5 0 0 0 0 0 0 0 0 0 0 0 0 0 0 0 0 0 0 0 0 0 0 0 0 0 0 0 0 0 0 0 0 0 0
0 0 0 0 0 0 0 0 0 0 0 0 0 0 0 0 0 0 0 0 0 0 0 0 0 0 9 0 0 12 0 0 0 0 0 0 0 0 0 0 0 0 0 0 4 0 0 0 6 0 0 0 10 0 0 0 0 0 4 0 0 0 5 0 0 0 0 0 0 0 0 0 0 0 0 0 0 0 0 0 0 0 0 0 0 0 0 0 0 0 0 0 0 0 0 0 0
0 0 0 0 0 0 0 0 0 0 0 0 0 0 0 0 0 0 0 0 0 0 0 0 0 0 9 0 0 12 0 0 0 0 0 0 0 0 0 0 0 0 0 0 4 0 0 0 6 0 0 0 10 0 0 0 0 0 0 0 0 0 0 0 0 0 0 0 0 0 0 0 0 0 0 0 0 0 0 0 0 0 0 0 0 0 0 0 0 0 0 0 0 0 0 0 0
0 0 0 0 0 0 0 0 0 0 0 0 0 0 0 0 0 0 0 0 0 0 0 0 0 9 0 0 0 0 0 0 0 0 0 0 0 0 0 0 0 0 0 0 4 0 0 0 0 6 0 0 0 10 0 0 0 0 0 0 0 0 0 0 0 0 0 0 0 0 0 0 0 0 0 0 0 0 0 0 0 0 0 0 0 0 0 0 0 0 0 0 0 0 0 0 0
0 0 0 0 0 0 0 0 0 0 0 0 0 0 0 0 0 0 0 0 0 0 0 0 0 0 0 0 0 0 0 0 0 0 0 0 0 0 0 0 0 0 0 0 0 0 0 0 0 0 0 0 0 0 0 0 0 0 0 0 0 0 0 0 0 0 0 0 0 0 0 0 0 0 0 0 0 0 0 0 0 0 0 0 0 0 0 0 0 0 0 0 0 0 0 0 0
0 0 0 0 0 0 0 0 0 0 0 0 0 0 0 0 0 0 0 0 0 0 0 0 0 0 0 0 0 0 0 0 0 0 0 0 0 0 0 0 0 0 0 0 0 0 0 0 0 0 0 0 0 0 0 0 0 0 0 0 0 0 0 0 0 0 0 0 0 0 0 0 0 0 0 0 0 0 0 0 0 0 0 0 0 0 0 0 0 0 0 0 0 0 0 0 0
